




Wheat per Quarter.
Years.L.s.d.
17011178
1702196
17031160
1704266
17051100
1706160
1707186
1708216
17093186
17103180
17112140
1712264
17132110
17142104
1715230
1716280
1717258
171811810
17191150
17201170
17211176
17221160
17231148
17241170
1725286
1726260
1727220
17282146
17292610
17301166
173111210
1732168
1733184
173411810
1735230
1736204
17371180
17381156
17391186
17402108
1741268
17421140
17431410
17441410
1745176
17461190
174711410
17481170
17491170
17501126
17511186
17522110
1753248
17541148
175511310
1756253
1757300
17582100
175911910
17601166
17611103
17621190
1763209
1764269


64)129136

20618&#8260;64






Wheat per Quarter.
Years.L.s.d.
173111210
1732168
1733184
173411810
1735230
1736204
17371180
17381156
17391186
17402108


10)18128

11731&#8260;5







Wheat per Quarter.
Years.L.s.d.
1741268
17421140
17431410
17441410
1745176
17461190
174711410
17481170
17491170
17501126


10)16182

11394&#8260;5






